535
2 14
260.742 255.690 250.704 252.678 255.464 252.884 255.590 258.082 258.366 258.876 274.198 268.222 265.036 260.742 
111.260 109.966 108.700 106.326 103.120 102.494 99.506 96.386 96.040 95.360 99.358 106.756 105.944 111.260 
2 6
69.364 71.068 68.860 66.652 64.946 69.364 
65.142 69.932 70.218 70.428 65.638 65.142 
2 5
58.974 60.590 56.164 54.548 58.974 
77.996 82.796 83.266 78.466 77.996 
2 5
50.568 52.274 47.856 46.152 50.568 
95.034 99.826 100.322 95.532 95.034 
2 6
163.800 165.392 159.342 158.038 157.752 163.800 
43.990 50.250 50.734 45.604 44.474 43.990 
2 5
160.512 162.104 156.056 154.464 160.512 
53.058 59.318 59.804 53.544 53.058 
2 5
99.990 91.036 87.014 95.968 99.990 
63.120 73.898 72.844 62.066 63.120 
2 5
70.422 76.584 70.048 63.884 70.422 
91.332 92.972 100.718 99.076 91.332 
2 5
142.768 146.698 136.842 132.912 142.768 
38.932 39.970 51.748 50.710 38.932 
2 5
150.620 155.442 148.336 143.514 150.620 
62.670 63.880 72.822 71.612 62.670 
2 5
135.586 139.586 128.654 124.654 135.586 
53.290 54.330 67.596 66.556 53.290 
2 5
119.190 123.320 116.072 111.942 119.190 
66.834 67.910 76.692 75.616 66.834 
2 5
124.052 131.442 135.454 128.064 124.052 
79.276 70.254 71.290 80.314 79.276 
2 5
110.790 114.792 107.544 103.542 110.790 
77.732 78.736 87.838 86.834 77.732 
2 5
85.924 90.770 86.932 82.088 85.924 
76.912 78.116 82.986 81.782 76.912 
2 5
119.166 139.490 137.002 116.680 119.166 
31.144 36.654 39.550 34.042 31.144 
2 5
93.476 110.430 110.560 93.604 93.476 
26.102 25.806 28.150 28.444 26.102 
2 5
90.140 90.710 86.744 86.176 90.140 
18.030 27.452 27.528 18.106 18.030 
2 5
71.878 72.446 68.016 67.448 71.878 
18.550 27.652 27.740 18.638 18.550 
2 5
78.462 86.694 86.734 78.502 78.462 
30.488 30.446 32.952 32.992 30.488 
2 5
90.120 94.790 94.788 90.118 90.120 
42.618 42.620 47.754 47.752 42.618 
2 5
50.838 52.402 48.314 46.750 50.838 
61.366 68.074 68.374 61.668 61.366 
2 6
29.974 31.538 26.540 26.216 24.976 29.974 
68.800 78.700 78.950 76.898 69.050 68.800 
2 11
81.818 84.434 83.820 100.532 99.120 85.958 82.738 79.192 80.048 77.430 81.818 
138.270 138.900 139.704 143.732 145.582 142.408 146.622 145.768 144.648 144.016 138.270 
2 9
149.862 135.370 129.902 131.624 133.066 144.078 136.374 138.134 149.862 
136.202 154.392 153.018 150.856 151.220 137.398 135.460 133.254 136.202 
2 5
118.982 122.990 127.282 123.272 118.982 
134.944 130.184 131.324 136.086 134.944 
2 9
88.520 103.056 100.030 95.698 96.822 91.506 90.382 85.492 88.520 
131.674 135.404 139.128 138.016 136.634 135.270 136.652 135.398 131.674 
2 11
104.206 106.228 105.962 109.978 109.724 111.870 110.024 101.478 102.420 102.784 104.206 
129.196 129.714 130.040 131.072 131.386 131.936 134.204 132.006 130.848 130.942 129.196 
2 5
84.892 96.452 94.088 82.526 84.892 
120.034 122.928 125.910 123.018 120.034 
2 6
52.598 62.928 79.640 77.712 50.670 52.598 
113.462 116.164 120.534 122.860 115.788 113.462 
2 24
57.288 61.402 62.628 63.934 63.520 65.172 65.536 66.082 67.512 67.808 68.522 68.826 68.120 70.986 68.584 69.080 67.986 67.490 65.596 64.086 63.176 61.812 60.490 57.288 
127.778 126.028 126.940 126.382 126.068 125.366 125.640 125.406 126.468 126.688 126.410 126.636 126.918 129.058 130.072 130.444 130.910 130.540 131.350 130.226 130.586 129.598 130.162 127.778 
2 9
257.516 259.440 273.484 278.220 275.588 277.966 285.230 276.192 257.516 
59.528 57.200 60.866 55.140 54.454 51.578 53.472 64.402 59.528 
2 6
266.358 269.516 272.462 277.464 271.360 266.358 
93.814 89.772 86.018 87.254 95.050 93.814 
2 16
228.186 222.866 224.052 219.074 218.110 212.780 213.678 214.242 215.580 216.346 219.028 219.866 220.224 235.600 229.276 228.186 
138.188 136.816 135.382 134.138 135.588 134.212 133.178 132.528 130.830 129.830 126.506 125.576 125.082 129.058 136.928 138.188 
2 19
208.438 203.064 203.588 204.106 201.950 199.826 198.838 197.018 194.198 196.942 199.534 215.366 214.958 214.208 211.678 210.902 209.662 209.154 208.438 
133.016 131.666 130.990 130.282 129.748 129.216 130.544 130.094 129.426 124.500 119.756 123.694 124.310 125.254 128.660 129.702 131.370 132.068 133.016 
2 25
181.822 185.004 190.070 194.946 195.128 196.432 219.608 231.236 236.986 225.678 238.020 232.404 221.730 212.850 198.038 187.024 185.686 174.868 173.914 184.632 178.284 171.226 172.038 173.754 181.822 
141.610 138.564 137.268 137.568 137.594 137.728 147.658 152.640 155.102 169.598 172.744 179.878 192.990 190.694 186.964 183.982 183.640 180.876 178.644 165.822 155.830 153.878 152.894 150.906 141.610 
2 5
213.286 209.248 234.446 238.482 213.286 
47.846 46.790 16.390 17.446 47.846 
2 5
193.066 188.880 200.246 204.434 193.066 
43.092 41.990 28.356 29.458 43.092 
2 5
208.496 204.492 214.404 218.408 208.496 
24.368 23.328 11.288 12.328 24.368 
2 5
183.956 183.674 200.974 201.256 183.956 
11.990 9.358 8.772 11.402 11.990 
2 5
176.458 172.462 179.630 183.626 176.458 
40.378 39.332 30.684 31.730 40.378 
2 5
164.446 160.016 167.562 171.992 164.446 
37.816 36.600 27.924 29.140 37.816 
2 5
151.580 147.152 154.698 159.128 151.580 
34.416 33.200 24.524 25.740 34.416 
2 5
154.572 166.758 166.914 154.728 154.572 
10.198 9.980 12.718 12.936 10.198 
2 5
135.058 147.244 147.400 135.214 135.058 
10.904 10.684 13.422 13.642 10.904 
2 5
138.214 148.288 146.420 136.346 138.214 
19.610 22.076 24.486 22.018 19.610 
2 5
132.336 142.312 140.158 130.182 132.336 
26.668 29.428 31.886 29.126 26.668 
2 5
178.710 200.584 198.616 176.738 178.710 
48.450 54.070 56.486 50.866 48.450 
2 27
183.374 185.262 197.344 199.124 192.228 194.530 203.470 202.512 207.992 205.342 201.938 201.462 200.838 202.092 191.106 189.656 189.184 188.644 191.894 189.382 183.970 182.872 174.784 177.564 181.844 181.326 183.374 
83.378 81.056 66.204 64.016 62.244 59.414 61.708 62.886 64.294 67.552 66.678 67.262 68.030 68.352 81.856 81.484 82.064 82.726 83.560 86.648 85.260 86.610 84.534 81.116 82.216 82.854 83.378 
2 5
121.892 121.428 125.464 125.930 121.892 
27.200 18.068 18.002 27.136 27.200 
2 5
120.818 120.844 126.718 126.692 120.818 
14.908 11.474 11.488 14.922 14.908 
2 5
84.368 86.262 106.696 104.804 84.368 
114.728 112.444 117.794 120.076 114.728 
2 5
107.034 116.788 120.836 111.084 107.034 
116.828 104.956 106.006 117.878 116.828 
2 5
81.136 90.890 94.940 85.186 81.136 
111.228 99.358 100.408 112.278 111.228 
2 5
122.666 126.668 119.420 115.418 122.666 
81.538 82.542 91.644 90.640 81.538 
2 5
105.290 109.292 102.044 98.042 105.290 
92.574 93.578 102.680 101.676 92.574 
2 5
125.688 121.510 129.992 134.172 125.688 
119.502 118.398 108.266 109.374 119.502 
2 5
139.294 134.944 143.462 147.812 139.294 
123.610 122.502 111.950 113.060 123.610 
2 5
150.698 172.182 170.292 148.810 150.698 
80.454 86.072 88.352 82.732 80.454 
2 29
106.440 108.924 110.182 111.864 110.202 112.888 114.922 114.272 117.010 118.224 122.038 121.074 123.492 124.116 126.138 123.662 122.644 120.752 121.966 119.326 117.218 117.720 115.224 114.278 110.854 111.754 109.076 108.554 106.440 
52.804 49.992 50.342 48.440 47.976 44.936 45.502 46.238 47.002 45.628 46.690 47.784 48.458 47.750 48.314 51.116 50.832 52.976 53.314 56.302 55.714 55.146 54.450 55.522 54.568 53.548 52.802 53.394 52.804 
2 5
39.422 35.300 33.326 37.448 39.422 
68.742 68.940 55.958 55.760 68.742 
2 5
37.066 33.012 31.504 35.556 37.066 
53.804 53.958 41.564 41.408 53.804 
2 41
135.922 141.698 144.948 159.752 174.172 173.572 176.932 170.640 166.568 166.062 167.246 164.674 163.498 162.154 157.950 159.300 158.428 162.060 166.796 167.458 166.450 168.950 170.596 171.918 165.902 165.220 159.774 160.424 157.874 155.348 154.852 148.910 149.406 144.036 142.780 143.910 141.754 140.764 140.276 136.810 135.922 
98.990 91.926 92.766 96.586 100.310 101.046 101.912 109.604 108.552 109.168 109.474 112.618 112.314 113.958 112.872 111.220 110.996 106.556 107.778 106.970 106.710 103.654 104.078 102.462 100.908 101.742 100.336 99.542 98.882 98.232 98.840 97.306 96.698 95.310 96.846 97.138 99.774 99.518 100.114 99.220 98.990 
2 9
147.428 149.014 150.324 162.908 163.710 164.494 167.674 152.720 147.428 
131.186 129.308 129.658 114.754 114.968 114.040 114.888 132.596 131.186 
2 6
244.048 250.226 257.058 255.056 242.046 244.048 
128.918 130.162 131.538 134.676 132.054 128.918 
2 19
227.610 226.076 229.318 229.728 230.930 231.978 232.468 235.162 236.390 237.466 245.904 248.212 251.322 246.464 241.792 233.032 230.894 228.406 227.610 
148.036 147.346 143.368 142.864 141.398 140.066 139.376 136.222 136.506 136.778 138.910 139.486 140.236 146.538 152.658 150.464 149.502 148.394 148.036 
2 10
229.592 225.388 218.494 220.640 222.170 223.668 225.454 226.928 228.122 229.592 
98.996 104.134 102.384 99.772 99.806 99.750 99.530 99.130 98.618 98.996 
2 5
210.864 215.840 220.602 215.628 210.864 
115.524 109.208 110.392 116.706 115.524 
2 7
99.274 99.196 110.016 110.234 105.962 105.824 99.274 
14.250 11.684 11.578 18.578 18.620 14.186 14.250 
2 5
83.114 83.210 93.358 93.262 83.114 
14.488 12.312 12.452 14.630 14.488 
2 5
67.262 67.202 78.092 78.154 67.262 
14.776 12.602 12.506 14.680 14.776 
2 7
53.378 53.336 46.944 46.912 57.204 57.278 53.378 
17.512 14.584 14.612 12.412 12.366 17.494 17.512 
2 5
29.136 29.000 41.192 41.328 29.136 
15.560 12.772 12.586 15.372 15.560 
2 7
30.754 30.606 54.758 54.276 59.390 60.020 30.754 
36.300 32.622 32.314 20.292 20.226 35.928 36.300 
2 9
2.074 1.842 10.420 23.294 23.294 12.450 6.910 6.754 2.074 
22.910 18.252 12.586 12.322 15.134 15.442 18.910 22.776 22.910 
2 5
7.282 7.098 11.896 12.080 7.282 
30.258 24.636 24.586 30.208 30.258 
2 5
29.294 29.242 38.134 38.186 29.294 
27.260 24.800 24.740 27.200 27.260 
2 7
3.502 3.282 7.250 7.328 23.328 23.470 3.502 
36.780 32.922 32.852 34.218 33.930 36.420 36.780 
2 14
187.428 186.386 185.396 180.822 178.410 174.780 176.046 172.030 173.926 177.868 178.488 182.134 182.796 187.428 
20.758 22.036 23.250 22.072 25.028 24.092 22.540 21.504 19.182 20.198 19.440 20.378 19.566 20.758 
2 6
279.366 284.338 291.530 298.978 294.006 279.366 
134.802 128.576 130.456 132.264 138.490 134.802 
2 9
273.762 274.998 273.650 274.580 275.580 276.892 280.238 276.786 273.762 
139.878 138.348 138.004 136.854 137.110 135.486 136.376 140.694 139.878 
2 5
192.396 194.198 197.018 195.240 192.396 
132.484 129.426 130.094 133.244 132.484 
2 5
218.116 220.154 221.578 219.540 218.116 
95.728 93.474 93.882 96.134 95.728 
2 10
175.822 182.292 175.284 169.030 170.210 171.100 173.618 176.408 173.674 175.822 
57.790 59.510 67.834 66.174 64.772 63.714 64.382 61.068 60.342 57.790 
2 6
235.684 233.972 232.814 234.272 237.142 235.684 
67.240 66.816 66.526 64.678 65.394 67.240 
2 11
75.526 75.490 84.886 84.902 87.540 87.564 89.024 89.048 85.102 85.074 75.526 
51.886 49.798 49.748 50.682 50.666 52.038 52.030 53.386 53.408 51.834 51.886 
2 13
63.872 63.900 64.378 64.388 65.916 65.924 68.464 68.470 71.116 71.102 68.262 68.222 63.872 
49.914 46.176 46.176 44.878 44.882 43.582 43.588 42.664 42.670 44.612 44.606 49.924 49.914 
2 25
70.902 71.784 70.876 71.334 72.310 74.134 73.196 73.912 74.844 76.708 75.862 76.646 77.448 79.304 78.416 79.178 80.084 80.630 84.400 74.670 73.840 73.394 71.732 72.178 70.902 
137.566 136.506 136.270 135.630 135.874 133.672 133.454 132.564 132.816 130.570 130.348 129.444 129.680 127.456 127.244 126.366 126.520 125.864 126.856 138.560 138.342 138.878 138.440 137.904 137.566 
2 5
78.290 78.302 82.896 82.884 78.290 
45.142 41.846 41.852 45.148 45.142 
2 5
6.752 5.752 10.926 11.926 6.752 
50.200 41.488 41.302 50.012 50.200 
2 5
13.554 11.654 16.506 18.406 13.554 
63.070 52.840 52.556 62.784 63.070 
2 5
25.058 18.818 18.116 24.358 25.058 
57.336 57.746 54.374 53.964 57.336 
2 5
13.854 13.530 25.634 25.958 13.854 
44.186 41.744 41.238 43.680 44.186 
2 7
29.092 25.532 29.524 31.684 37.162 38.560 29.092 
111.552 105.930 105.134 108.546 107.450 109.660 111.552 
2 5
146.490 148.742 146.168 143.806 146.490 
56.510 57.112 60.366 59.764 56.510 
2 8
170.210 169.030 165.732 162.806 165.306 162.958 164.936 170.210 
64.772 66.174 70.090 69.314 66.344 65.722 63.370 64.772 
2 6
268.132 269.570 274.048 274.310 272.872 268.132 
109.114 107.374 108.550 108.618 110.358 109.114 
2 6
188.234 199.610 197.762 186.386 187.428 188.234 
19.770 22.700 24.966 22.036 20.758 19.770 
2 14
285.708 286.488 287.024 290.124 290.672 292.008 292.344 291.240 290.682 289.224 289.224 285.940 285.160 285.708 
111.972 112.216 111.664 112.570 112.364 112.752 113.192 114.338 114.458 114.076 113.664 112.770 112.524 111.972 
2 8
209.016 208.994 208.844 223.762 223.916 223.934 216.362 209.016 
2.196 1.976 0.470 0.000 1.534 1.724 1.964 2.196 
2 7
185.540 184.862 184.188 188.206 188.882 189.558 185.540 
96.696 96.520 96.342 91.502 91.680 91.856 96.696 
2 6
206.456 207.588 211.154 210.560 210.022 206.456 
100.118 98.684 99.570 100.322 101.006 100.118 
2 5
242.304 242.646 243.882 243.540 242.304 
57.568 57.144 57.458 57.882 57.568 
2 7
60.590 62.390 63.328 54.822 53.884 56.164 60.590 
82.796 82.606 85.392 86.296 83.508 83.266 82.796 
2 5
60.688 61.546 63.478 62.620 60.688 
100.630 99.484 99.966 101.112 100.630 
2 5
18.424 16.114 15.404 17.730 18.424 
83.230 83.500 81.746 81.446 83.230 
2 13
233.968 236.708 238.312 239.784 239.184 239.776 239.358 239.024 239.566 239.024 239.812 238.962 233.968 
107.330 104.034 104.466 104.840 105.560 105.716 106.214 106.618 106.760 107.412 107.618 108.640 107.330 
2 5
238.036 238.474 240.278 239.840 238.036 
124.838 124.270 124.710 125.278 124.838 
2 7
253.834 255.930 258.490 257.700 257.418 256.394 253.834 
96.846 94.236 94.886 95.868 96.220 97.494 96.846 
2 5
216.436 215.714 216.150 216.872 216.436 
50.650 50.460 49.934 50.122 50.650 
2 5
222.058 222.394 223.456 223.120 222.058 
40.530 40.124 40.402 40.808 40.530 
2 15
227.946 230.658 235.076 236.162 243.616 241.558 241.152 242.484 241.482 240.610 239.758 219.678 221.532 225.234 227.946 
6.892 6.860 7.510 7.786 9.682 12.238 12.750 13.082 14.352 14.134 15.214 10.210 7.862 7.214 6.892 
2 5
215.154 215.598 216.350 215.906 215.154 
51.124 50.588 50.786 51.322 51.124 
2 5
207.728 208.068 209.560 209.220 207.728 
54.452 54.016 54.386 54.820 54.452 
2 11
245.914 239.774 239.798 234.794 234.758 233.698 233.712 231.752 231.602 245.764 245.914 
2.816 2.982 3.262 3.398 2.970 3.000 3.160 3.214 1.456 1.072 2.816 
2 5
186.120 186.890 189.080 188.310 186.120 
34.164 33.236 33.808 34.736 34.164 
2 5
2.784 6.350 14.300 10.724 2.784 
129.554 128.602 138.046 138.998 129.554 
2 5
13.160 114.318 114.406 13.248 13.160 
6.862 4.900 6.350 8.312 6.862 
2 5
182.712 182.614 185.292 185.390 182.712 
4.510 3.484 3.402 4.428 4.510 
2 9
205.678 210.800 210.900 210.138 210.078 206.454 206.510 205.774 205.678 
8.456 8.302 9.334 9.358 8.740 8.850 9.444 9.466 8.456 
2 37
274.388 274.644 274.900 275.144 275.372 275.574 275.746 275.882 275.978 276.032 276.042 276.006 275.926 275.806 275.646 275.456 275.238 275.000 274.748 274.490 274.236 273.990 273.764 273.560 273.388 273.252 273.156 273.102 273.094 273.130 273.208 273.330 273.488 273.680 273.898 274.136 274.388 
35.996 35.990 36.010 36.056 36.124 36.212 36.320 36.442 36.576 36.718 36.862 37.006 37.142 37.270 37.384 37.480 37.558 37.612 37.642 37.646 37.626 37.582 37.514 37.426 37.318 37.196 37.062 36.920 36.776 36.632 36.494 36.366 36.254 36.156 36.080 36.026 35.996 
2 5
272.178 269.128 271.348 274.398 272.178 
41.630 40.834 38.150 38.946 41.630 
2 5
211.048 211.000 213.356 213.402 211.048 
3.060 2.596 2.522 2.984 3.060 
2 41
45.826 45.858 48.988 48.998 48.242 48.256 47.134 47.158 47.728 47.744 48.524 48.536 45.758 45.792 49.836 49.844 51.060 51.050 55.792 55.756 52.382 52.372 53.106 53.086 53.584 53.560 53.090 53.074 52.362 52.352 55.710 55.672 52.968 52.960 51.630 51.624 49.748 49.754 48.204 48.214 45.826 
51.518 49.164 49.178 48.496 48.492 47.552 47.546 45.888 45.890 44.744 44.748 43.966 43.954 41.614 41.632 41.012 41.018 41.648 41.670 44.018 44.002 44.754 44.758 46.042 46.044 47.564 47.562 48.542 48.538 49.180 49.196 51.552 51.538 52.076 52.070 52.446 52.436 52.142 52.134 51.532 51.518 
2 61
40.478 40.392 41.234 41.404 42.438 42.756 43.452 43.598 43.280 43.516 42.334 42.424 40.248 40.346 37.248 37.152 35.454 35.330 34.202 33.870 33.544 32.846 32.190 31.596 30.870 30.134 29.672 29.156 28.476 27.930 27.438 26.772 25.578 25.688 23.654 23.706 20.912 20.814 18.274 18.192 16.728 16.366 16.926 16.624 17.706 17.512 18.958 19.048 23.424 23.338 24.450 24.658 25.958 26.382 34.188 33.926 34.964 34.804 35.922 36.032 40.478 
80.936 80.656 80.574 81.002 80.918 81.794 81.944 82.260 82.474 82.792 82.882 83.204 83.340 83.746 84.016 83.744 83.942 83.608 83.690 83.874 84.006 84.174 84.304 84.376 84.482 84.506 84.540 84.582 84.598 84.578 84.548 84.438 84.562 84.896 85.108 85.266 85.558 85.266 85.532 85.280 85.434 84.336 84.278 83.432 83.256 82.898 82.736 83.060 82.584 82.304 82.190 82.672 82.514 83.428 82.564 81.772 81.662 81.316 81.152 81.388 80.936 
2 5
39.020 39.952 35.474 34.522 39.020 
102.226 103.738 104.616 103.110 102.226 
2 5
131.110 132.022 133.532 132.620 131.110 
138.648 137.508 137.890 139.030 138.648 
2 5
133.310 134.526 136.460 135.244 133.310 
133.988 132.472 132.962 134.480 133.988 
2 9
20.262 19.958 21.114 21.114 22.430 22.714 21.478 21.478 20.262 
22.070 18.876 18.842 18.602 18.602 21.784 21.784 22.036 22.070 
2 18
26.438 26.276 26.520 26.986 27.654 28.506 29.296 29.610 29.964 30.490 30.674 30.572 30.106 29.376 28.484 27.634 26.904 26.438 
99.830 99.386 98.906 98.530 98.244 98.154 98.222 98.330 98.450 98.838 99.340 99.830 100.230 100.514 100.606 100.514 100.240 99.830 
2 5
38.038 38.736 35.110 34.410 38.038 
100.898 101.976 102.716 101.638 100.898 
2 63
96.370 111.152 108.824 110.668 116.708 112.300 113.444 113.174 113.942 113.310 112.544 110.974 109.846 109.154 109.886 109.046 108.312 107.728 108.830 108.416 105.972 104.942 102.042 102.948 104.762 105.224 105.902 106.142 107.238 106.994 110.152 109.588 113.412 113.764 114.648 114.290 117.598 118.448 122.850 123.776 123.486 125.012 126.516 125.694 126.204 127.030 127.940 127.182 128.360 130.726 130.984 131.804 131.544 132.142 126.562 107.884 106.616 106.280 104.388 104.734 102.308 101.018 96.370 
156.840 139.346 138.726 136.544 138.154 143.370 143.676 143.996 144.200 144.948 144.744 146.602 146.302 147.122 147.316 148.308 148.114 148.806 149.100 149.590 152.484 152.208 155.642 155.884 156.366 155.820 156.000 155.714 156.006 156.294 157.136 157.806 158.826 158.408 158.644 159.066 159.948 160.174 161.348 161.594 161.938 162.346 160.564 160.344 159.740 159.960 158.882 158.680 157.286 157.918 157.614 157.832 158.140 158.300 164.906 159.926 159.588 159.986 159.482 159.070 158.424 158.080 156.840 
2 6
14.878 16.256 16.516 17.416 15.782 14.878 
137.768 137.392 137.320 138.370 138.802 137.768 
2 5
17.114 18.502 19.792 18.332 17.114 
135.624 135.118 136.230 136.716 135.624 
2 5
0.000 6.768 8.812 2.036 0.000 
122.794 120.686 122.748 124.866 122.794 
2 5
7.456 8.300 8.786 7.936 7.456 
123.320 123.060 123.544 123.798 123.320 
2 5
17.246 17.714 17.950 17.474 17.246 
132.240 132.086 132.318 132.472 132.240 
2 7
16.886 17.220 18.750 19.742 17.878 17.554 16.886 
132.932 132.822 132.316 133.262 133.878 133.564 132.932 
2 13
7.970 8.950 10.212 10.462 10.142 10.650 11.488 10.954 10.632 10.402 12.148 11.006 7.970 
124.014 123.706 124.980 124.906 124.586 124.442 125.258 125.428 125.108 125.182 126.816 127.136 124.014 
2 5
21.314 21.294 23.258 23.278 21.314 
28.856 27.214 27.208 28.852 28.856 
2 5
20.778 20.778 22.216 22.216 20.778 
25.276 24.158 24.158 25.276 25.276 
2 5
207.362 207.102 205.066 205.326 207.362 
97.110 97.440 96.934 96.604 97.110 
2 11
278.276 296.914 296.572 300.996 291.344 284.382 286.548 288.840 294.360 275.966 278.276 
27.600 32.464 32.878 34.034 45.706 43.890 41.270 41.868 35.192 30.392 27.600 
2 9
278.276 275.966 272.078 250.912 259.440 257.516 244.394 269.794 278.276 
27.600 30.392 29.376 54.974 57.200 59.528 56.104 25.386 27.600 
2 18
181.284 179.430 181.042 182.894 181.708 181.718 181.768 181.802 181.820 181.818 181.800 181.764 181.712 181.646 181.568 181.480 181.384 181.284 
96.936 96.450 94.498 94.980 96.416 96.422 96.472 96.526 96.582 96.640 96.696 96.750 96.800 96.842 96.880 96.908 96.926 96.936 
2 17
211.770 209.154 209.662 210.902 211.678 214.208 214.958 216.856 217.728 218.474 219.866 219.028 216.346 215.580 214.242 213.678 211.770 
132.716 132.068 131.370 129.702 128.660 125.254 124.310 124.800 125.026 125.218 125.576 126.506 129.830 130.830 132.528 133.178 132.716 
2 5
51.228 51.684 52.892 52.434 51.228 
103.940 103.270 103.530 104.198 103.940 
2 13
68.822 70.654 76.040 76.486 78.142 77.812 83.274 81.354 77.902 77.440 71.976 72.408 68.822 
59.318 57.280 58.808 58.312 58.782 59.148 60.698 62.834 61.854 62.366 60.816 60.336 59.318 
2 5
65.930 64.726 74.020 75.358 65.930 
74.630 70.534 69.896 73.878 74.630 
2 5
46.670 45.064 46.202 48.008 46.670 
77.860 76.696 76.020 77.372 77.860 
2 5
50.414 50.682 56.768 56.634 50.414 
73.088 71.848 72.150 73.426 73.088 
2 5
50.672 50.500 51.878 51.944 50.672 
75.842 74.738 74.760 75.874 75.842 
2 5
46.650 41.972 39.740 44.706 46.650 
93.222 93.708 87.804 87.198 93.222 
2 5
26.282 23.690 28.512 31.032 26.282 
95.690 89.180 88.694 95.082 95.690 
2 5
55.646 55.646 57.518 57.590 55.646 
91.970 90.838 90.636 91.930 91.970 
2 5
126.284 127.530 129.572 128.226 126.284 
92.956 91.416 91.948 93.432 92.956 
2 6
259.040 260.546 262.444 261.264 260.938 259.040 
77.112 75.202 75.676 77.174 77.586 77.112 
2 5
191.326 192.608 194.278 192.994 191.326 
115.380 113.560 113.932 115.752 115.380 
1 7
278.204 276.896 267.042 264.754 263.852 263.074 260.308 
122.928 124.602 136.556 139.692 140.832 141.822 145.488 
1 3
272.890 237.578 237.044 
5.160 48.010 48.656 
1 6
243.206 269.270 283.484 284.534 284.708 286.112 
51.826 21.974 5.006 3.460 3.124 0.410 
1 10
175.676 175.522 173.030 171.346 170.682 169.222 168.202 167.776 166.988 165.740 
124.264 127.056 131.540 134.660 137.630 144.760 151.516 152.782 153.968 155.722 
1 2
152.780 154.608 
137.828 135.598 
1 2
197.808 207.320 
82.988 78.008 
1 7
197.808 209.016 210.626 213.806 220.214 221.006 221.696 
82.988 69.202 67.268 63.330 55.852 54.678 52.946 
1 4
221.696 221.086 221.046 222.434 
52.946 49.524 48.706 46.702 
1 4
221.272 221.990 222.070 221.696 
60.802 57.666 55.122 52.946 
1 8
222.434 223.156 224.156 225.438 226.934 228.368 229.268 231.778 
46.702 47.986 48.820 49.248 49.490 49.414 49.198 48.316 
1 4
243.206 240.922 239.980 236.516 
51.826 53.852 54.728 57.494 
1 4
237.044 236.618 233.500 232.098 
48.656 51.584 58.338 61.184 
1 4
155.994 155.370 154.386 152.780 
138.366 137.988 137.804 137.828 
1 4
214.140 224.190 232.424 248.540 
105.612 108.296 110.500 115.162 
1 2
232.098 198.948 
61.184 101.624 
1 5
198.948 195.060 190.684 187.706 184.922 
101.624 104.934 108.520 110.944 113.156 
1 11
154.608 152.092 144.200 138.848 135.936 123.170 109.846 84.122 79.022 75.888 73.820 
135.598 134.918 132.786 131.344 130.560 127.122 123.534 117.726 115.798 114.612 113.830 
1 8
183.168 181.712 179.576 165.992 160.826 148.758 142.156 140.616 
101.128 100.834 100.268 96.602 95.272 92.150 90.416 90.012 
1 7
109.846 122.644 127.660 128.480 132.590 133.190 133.604 
123.534 107.996 105.752 104.726 99.580 98.828 98.308 
1 5
178.580 177.302 169.498 162.286 143.384 
44.586 44.248 42.192 40.294 35.316 
1 7
73.820 74.866 84.984 90.368 93.550 95.396 96.634 
113.830 112.600 100.704 94.374 90.632 89.626 88.952 
1 14
133.604 118.830 110.564 106.064 96.634 95.256 89.070 76.156 73.944 72.250 71.558 70.202 69.380 67.586 
98.308 94.454 92.404 91.290 88.952 88.626 87.052 83.764 83.202 82.770 82.594 82.250 82.040 81.584 
1 7
257.654 253.244 232.628 216.782 204.504 181.080 115.100 
4.036 3.882 4.574 5.052 5.432 5.976 8.190 
1 3
51.026 57.082 55.930 
107.692 99.236 95.826 
1 4
153.828 156.092 155.994 154.608 
144.008 139.224 138.366 135.598 
1 5
269.270 271.286 284.806 304.994 306.880 
21.974 22.436 26.312 32.098 32.498 
1 21
278.204 280.754 305.238 307.410 310.062 313.460 315.756 317.462 319.258 320.324 328.454 331.112 337.784 338.576 342.132 342.632 346.812 352.158 353.780 354.126 354.954 
122.928 123.564 130.014 130.614 131.074 131.088 130.938 130.612 129.582 128.554 118.690 115.502 107.794 106.894 102.862 102.160 97.098 91.156 89.208 88.794 87.694 
1 5
9.016 10.326 23.492 22.816 33.274 
69.598 69.718 70.900 67.142 66.538 
1 4
42.030 43.136 43.602 51.026 
125.190 114.820 110.442 107.692 
1 11
94.478 89.468 74.954 80.994 87.746 81.338 80.612 82.220 82.548 83.726 84.122 
159.930 155.100 144.070 135.788 127.448 125.626 123.488 120.808 120.260 118.362 117.726 
1 4
-24.526 -29.560 -37.292 -43.470 
64.668 64.408 46.044 43.904 
1 11
-37.912 -35.566 -26.740 -17.026 -14.954 -11.772 -15.494 -25.126 -32.732 -41.940 -43.470 
103.236 99.806 98.068 96.156 95.748 95.122 90.412 73.748 66.392 49.334 43.904 
1 2
-14.330 -11.722 
128.234 127.090 
1 5
-7.852 -2.398 0.696 -1.074 -11.772 
125.646 122.454 120.682 110.158 95.122 
1 2
-11.722 -7.852 
127.090 125.646 
1 12
133.604 139.736 140.616 142.760 146.108 147.464 162.048 169.444 171.968 176.408 177.384 178.580 
98.308 91.054 90.012 87.486 83.476 81.852 64.380 55.520 52.496 47.170 46.000 44.586 
1 7
236.618 236.972 237.772 238.868 240.000 241.172 243.206 
51.584 52.208 52.626 52.812 52.720 52.336 51.826 
1 12
222.434 222.764 246.642 257.654 258.300 259.186 260.256 261.760 263.434 265.486 268.198 286.112 
46.702 46.258 18.096 4.036 3.240 2.496 1.862 1.294 0.932 0.728 0.638 0.410 
1 3
73.944 78.176 80.650 
83.202 77.892 74.788 
1 5
55.930 63.806 66.488 65.454 67.586 
95.826 86.204 86.442 81.586 81.584 
1 6
123.170 118.170 113.618 112.156 109.148 98.708 
127.122 128.582 134.320 136.164 135.382 132.960 
1 4
170.682 171.686 171.856 172.038 
137.630 151.134 151.996 152.894 
1 5
109.148 101.698 97.162 93.568 89.468 
135.382 145.284 146.864 151.138 155.100 
1 2
212.540 214.032 
61.700 59.916 
1 7
216.782 214.334 212.258 201.410 199.154 198.864 185.218 
5.052 7.446 9.476 21.872 25.892 26.238 42.482 
1 6
204.504 204.696 202.668 181.804 181.214 181.080 
5.432 7.752 12.438 13.120 8.328 5.976 
1 3
221.272 231.778 267.780 
60.802 48.316 5.078 
1 5
237.044 228.458 194.842 189.098 184.922 
48.656 59.000 100.276 108.138 113.156 
1 12
15.134 12.052 11.568 9.016 2.706 0.682 0.520 -0.556 0.152 8.224 10.620 13.024 
87.550 78.502 77.084 69.598 51.442 39.720 38.776 20.592 17.812 12.392 11.136 10.628 
1 12
15.134 44.282 46.080 46.492 46.114 45.498 40.726 35.664 34.042 33.274 30.100 29.300 
87.550 84.360 83.838 83.302 81.594 79.512 79.236 79.932 70.430 66.538 44.346 37.968 
1 3
218.214 217.728 214.314 
124.458 125.026 129.340 
1 13
248.540 247.588 247.154 246.916 245.706 244.162 241.920 223.000 225.364 226.940 228.254 230.110 246.916 
115.162 116.428 117.002 117.318 118.912 120.946 123.902 119.226 116.278 114.312 112.674 113.158 117.318 
1 2
236.612 230.334 
129.328 137.194 
1 5
266.566 269.052 270.736 272.322 273.778 
142.248 142.816 143.200 143.596 143.948 
1 8
267.618 273.902 274.404 273.778 272.898 270.982 269.210 263.768 
140.790 142.314 143.002 143.948 145.056 147.364 147.676 146.310 
1 6
247.554 249.888 256.720 259.850 261.848 263.852 
136.874 137.404 139.156 139.890 140.372 140.832 
1 8
243.930 244.458 245.178 245.564 255.158 255.336 255.966 256.720 
154.948 154.314 153.424 152.840 141.024 140.714 140.004 139.156 
1 2
245.796 254.556 
107.918 97.342 
1 2
192.196 197.956 
135.746 134.390 
1 9
267.042 265.266 264.774 259.712 261.830 242.932 241.374 239.718 208.078 
136.556 136.056 135.936 134.708 131.580 127.590 127.410 127.220 119.258 
1 16
222.878 231.048 247.588 249.644 266.004 272.798 274.978 265.266 263.590 261.848 261.074 260.410 249.838 248.418 258.924 260.410 
109.946 112.088 116.428 116.966 120.924 122.652 124.122 136.056 138.172 140.372 141.270 142.040 154.664 154.296 141.694 142.040 
1 9
248.418 245.178 244.280 242.640 247.352 252.286 254.156 255.336 258.924 
154.296 153.424 153.174 152.820 146.788 139.976 140.428 140.714 141.694 
1 7
271.778 271.230 268.906 267.212 263.144 260.844 259.874 
70.488 71.124 74.006 75.972 80.692 83.286 84.470 
1 6
264.754 267.618 266.566 265.748 263.768 260.308 
139.692 140.790 142.248 143.378 146.310 145.488 
1 2
269.414 264.754 
139.698 139.692 
1 12
62.282 62.442 63.688 64.242 64.334 67.040 64.334 42.744 29.300 11.580 2.140 0.520 
9.356 11.498 28.200 36.444 37.828 39.078 37.828 37.664 37.968 38.466 38.730 38.776 
1 9
127.660 130.120 136.412 151.144 155.118 160.888 150.142 147.662 144.200 
105.752 106.904 108.522 112.310 113.320 114.788 127.362 128.926 132.786 
1 2
151.144 135.936 
112.310 130.560 
1 5
246.642 243.612 242.702 233.066 212.258 
18.096 17.314 17.078 14.652 9.476 
1 3
293.592 290.918 280.426 
49.890 49.210 46.392 
1 2
235.288 242.740 
65.142 55.974 
1 8
5.054 7.010 8.278 11.574 12.834 13.936 -14.330 -39.328 
184.826 181.600 177.708 174.194 171.758 161.840 128.234 105.890 
1 6
62.540 62.102 63.356 67.040 68.412 73.918 
68.110 51.256 45.090 39.078 38.868 39.462 
1 2
63.688 91.878 
28.200 28.110 
1 3
95.418 116.200 117.212 
29.764 29.120 29.088 
1 3
199.154 207.764 210.164 
25.892 28.142 42.292 
1 3
202.054 205.608 207.186 
52.242 47.704 45.838 
1 3
207.186 210.164 233.066 
45.838 42.292 14.652 
1 6
202.054 205.564 212.280 215.932 217.272 216.618 
52.242 53.128 54.824 55.746 56.084 56.872 
1 2
243.972 244.678 
54.522 54.656 
1 3
210.894 212.182 212.540 
61.776 62.118 61.700 
1 11
244.678 243.412 277.508 290.918 304.994 305.996 306.974 308.610 327.172 329.164 328.726 
54.656 56.206 65.094 49.210 32.098 31.386 31.740 32.292 9.152 6.670 3.370 
1 23
233.972 233.570 232.168 229.890 206.618 208.126 207.558 204.908 204.398 204.360 204.418 204.846 206.006 211.158 212.736 213.454 212.826 213.164 214.402 216.042 219.412 235.620 232.168 
66.816 67.032 67.520 68.358 95.970 97.364 98.080 98.134 99.028 99.678 100.340 101.070 101.524 102.854 100.854 99.980 97.574 93.642 92.188 90.850 88.684 68.758 67.520 
1 18
235.620 236.078 236.532 237.558 239.582 244.438 269.758 271.778 272.240 349.072 352.158 354.114 344.364 321.076 320.350 316.852 315.350 311.872 
68.758 68.382 68.008 67.210 64.864 63.498 69.998 70.488 70.630 90.286 91.156 91.702 103.380 130.848 131.436 133.046 133.348 132.948 
1 17
349.072 347.516 339.366 336.058 315.930 314.770 313.542 299.498 281.716 274.562 267.834 259.386 239.632 232.392 225.574 212.736 210.560 
90.286 92.192 102.170 106.262 130.206 130.322 130.260 127.070 122.414 120.536 118.760 115.154 109.912 108.038 106.552 100.854 100.322 
1 3
214.370 235.288 233.972 
59.524 65.142 66.816 
1 2
242.740 243.972 
55.974 54.522 
1 2
188.882 186.782 
91.680 94.214 
1 4
-33.410 -20.646 -12.184 0.520 
41.232 39.014 38.934 38.776 
1 6
189.098 190.684 193.978 196.904 212.142 214.140 
108.138 108.520 109.312 110.016 107.988 105.612 
1 10
232.692 229.826 226.608 221.366 220.346 218.622 214.640 211.282 211.016 211.770 
150.890 150.194 149.532 147.294 146.892 146.180 144.264 135.576 133.760 132.716 
1 21
-47.838 -35.716 -28.420 -15.544 -4.386 2.908 2.480 3.124 5.054 6.840 10.610 11.062 17.070 24.288 37.240 44.592 45.768 58.214 85.254 92.310 97.686 
111.188 116.842 122.024 134.682 146.856 160.116 168.916 176.992 184.826 186.776 190.308 190.732 194.590 194.552 193.142 191.574 191.324 190.712 188.682 188.636 188.674 
1 4
175.676 166.258 145.438 132.508 
124.264 135.578 160.880 176.722 
1 8
214.640 198.556 197.956 202.876 211.282 223.722 228.848 230.930 
144.264 137.168 134.390 134.078 135.576 139.204 140.904 141.398 
1 5
115.100 63.402 62.282 15.928 13.024 
8.190 9.332 9.356 10.178 10.628 
1 2
143.384 117.212 
35.316 29.088 
1 2
117.212 115.100 
29.088 8.190 
1 5
73.820 70.728 61.964 53.108 51.026 
113.830 112.998 110.638 108.252 107.692 
1 2
184.922 175.676 
113.156 124.264 
1 7
128.344 133.702 153.828 174.998 207.320 208.930 221.272 
175.588 168.950 144.008 117.888 78.008 76.024 60.802 
1 2
289.980 272.890 
-15.898 5.160 
1 3
267.780 276.340 284.774 
5.078 -5.654 -16.226 
1 8
260.260 314.106 332.182 343.676 332.456 309.446 288.676 287.478 
114.222 128.482 105.434 91.506 88.600 82.642 77.226 78.672 
1 3
192.196 187.744 182.466 
135.746 135.606 134.740 
1 2
-23.316 -40.180 
22.364 21.918 
1 2
-20.646 -24.056 
39.014 37.366 
1 4
-24.278 -41.080 -46.386 -49.076 
30.288 30.002 27.714 29.102 
1 6
-23.930 -40.320 -40.180 -40.068 -39.166 -22.784 
26.532 26.248 21.918 18.452 17.932 18.080 
1 4
254.042 251.556 243.112 234.976 
86.402 85.824 83.696 81.652 
1 19
262.428 262.016 261.290 259.874 258.246 256.422 255.202 254.236 254.042 253.942 254.200 255.202 256.170 258.246 259.910 261.290 262.158 262.552 262.428 
86.150 85.492 85.014 84.470 84.306 84.534 85.014 85.772 86.402 86.724 87.676 88.434 88.844 89.144 88.900 88.434 87.696 86.724 86.150 
1 8
256.170 255.284 253.572 251.076 247.388 243.380 241.252 239.632 
88.844 89.930 92.406 95.546 100.182 105.272 107.972 109.912 
1 4
287.478 281.964 279.264 272.416 
78.672 85.326 88.888 97.274 
1 10
338.576 336.058 334.132 332.182 327.402 323.034 320.734 297.206 286.576 279.264 
106.894 106.262 105.782 105.434 105.590 104.658 102.958 97.264 92.076 88.888 
1 3
12.516 17.870 30.100 
45.184 44.928 44.346 
1 8
34.042 41.116 47.040 51.354 52.640 58.358 64.234 67.586 
70.430 70.836 73.020 77.190 76.976 76.394 75.156 81.584 
1 6
2.706 4.188 13.472 13.010 12.516 11.580 
51.442 51.380 50.996 48.194 45.184 38.466 
1 11
269.194 276.614 283.106 292.922 295.108 305.208 309.472 310.446 320.734 331.166 332.456 
106.358 108.152 109.910 112.364 112.898 115.564 116.656 115.470 102.958 90.188 88.600 
1 5
231.240 253.572 259.658 261.194 272.416 
86.492 92.406 93.970 94.376 97.274 
1 5
279.264 287.824 281.964 263.144 240.558 
88.888 87.394 85.326 80.692 74.986 
1 3
272.416 276.440 275.658 
97.274 97.776 98.906 
1 2
181.804 201.410 
13.120 21.872 
1 3
185.218 205.608 214.152 
42.482 47.704 49.874 
1 5
171.968 191.642 210.352 212.340 213.806 
52.496 57.670 62.460 62.960 63.330 
1 12
192.460 188.726 186.006 175.218 172.142 175.862 182.662 183.170 195.150 195.712 187.442 191.642 
90.022 89.086 88.348 85.694 83.748 79.376 81.150 80.520 65.642 64.940 62.854 57.670 
1 7
354.954 347.526 295.670 278.998 275.190 239.528 236.516 
87.694 85.764 72.288 67.956 66.998 58.002 57.494 
1 3
222.878 224.190 225.574 
109.946 108.296 106.552 
1 2
186.782 184.862 
94.214 96.520 
1 4
207.280 199.218 197.572 186.782 
99.522 97.408 96.990 94.214 
1 4
181.748 168.162 150.876 144.258 
97.614 94.014 89.604 87.876 
1 2
210.560 207.280 
100.322 99.522 
1 4
222.878 215.086 208.958 208.078 
109.946 119.762 118.178 119.258 
1 2
257.292 266.766 
117.464 119.952 
1 2
244.062 229.654 
117.456 113.808 
1 2
227.892 242.298 
116.006 119.654 
1 3
266.766 273.556 278.204 
119.952 121.742 122.928 
1 2
245.748 231.340 
115.378 111.730 
1 3
266.766 266.004 265.158 
119.952 120.924 121.984 
1 2
253.868 241.770 
114.800 111.618 
1 2
225.364 244.162 
116.278 120.946 
1 3
226.940 228.852 245.706 
114.312 114.796 118.912 
1 6
245.796 261.726 260.822 260.260 259.386 257.292 
107.918 112.480 113.540 114.222 115.154 117.464 
1 5
230.334 229.756 228.848 227.546 221.366 
137.194 139.540 140.904 142.298 147.294 
1 3
249.888 249.202 248.212 
137.404 138.284 139.486 
1 6
154.608 162.506 183.168 192.460 196.952 197.808 
135.598 125.926 101.128 90.022 84.056 82.988 
1 6
35.664 29.096 25.760 24.216 23.860 23.492 
79.932 80.478 80.444 79.300 76.924 70.900 
1 10
96.634 100.020 105.592 108.788 112.482 115.698 117.850 130.320 142.554 143.384 
88.952 87.148 80.488 76.666 72.250 68.406 65.834 50.930 36.308 35.316 
1 3
274.978 276.896 278.666 
124.122 124.602 125.044 
1 13
126.876 133.316 135.392 148.950 152.092 172.930 171.774 178.838 179.576 180.096 181.748 187.710 188.726 
165.236 157.956 155.352 138.348 134.918 110.118 109.834 101.138 100.268 99.632 97.614 90.326 89.086 
1 22
-24.056 -24.800 -24.278 -23.930 -23.316 -22.784 -22.740 -46.284 -47.778 -53.080 -54.600 -58.862 -59.412 -59.628 -60.296 -53.474 -49.076 -40.770 -36.752 -30.982 -30.040 -24.056 
37.366 35.906 30.288 26.532 22.364 18.080 13.734 13.298 13.270 13.144 13.052 13.192 13.606 20.388 22.100 26.358 29.102 34.284 33.446 39.032 39.088 37.366 
1 2
73.884 78.068 
97.556 92.794 
1 2
73.884 69.914 
97.556 102.318 
1 3
84.984 83.758 73.884 
100.704 100.356 97.556 
1 3
236.516 233.832 232.098 
57.494 59.516 61.184 
1 2
45.498 51.354 
79.512 77.190 
1 2
23.860 26.216 
76.924 76.898 
1 9
244.678 271.286 288.194 288.988 291.088 333.086 347.836 349.716 354.102 
54.656 22.436 3.724 2.846 2.620 1.524 2.620 2.900 3.398 
1 28
468.250 472.504 473.398 473.706 408.362 392.416 379.596 355.312 348.306 339.774 328.714 287.906 265.188 262.412 260.294 255.670 254.706 253.448 251.632 232.552 216.564 203.862 197.414 187.384 186.436 181.650 181.730 115.704 
11.386 11.610 10.292 9.314 6.774 6.166 4.636 0.700 -0.384 -1.690 -1.506 -1.082 -1.042 -0.600 -0.038 2.048 2.446 2.808 2.972 3.614 4.084 4.454 4.158 4.394 3.062 3.262 4.084 5.938 
1 2
210.352 205.620 
62.460 68.330 
1 2
216.564 216.520 
4.084 3.628 
1 5
148.950 151.748 154.206 154.206 126.292 
138.348 139.086 140.064 141.214 175.030 
1 3
272.798 273.556 274.562 
122.652 121.742 120.536 
1 2
236.078 233.570 
68.382 67.032 
1 3
285.000 280.906 278.998 
60.570 65.610 67.956 
1 21
275.190 277.508 280.906 282.694 297.476 329.078 349.190 364.460 366.008 390.668 411.746 414.838 418.458 479.824 504.086 587.840 612.730 616.820 620.122 619.170 617.916 
66.998 65.094 65.610 66.036 69.988 78.438 83.816 87.898 88.312 94.912 100.552 101.380 102.292 117.746 123.962 145.590 152.186 153.460 154.308 155.638 157.162 
1 3
244.280 248.896 254.156 
153.174 147.216 140.428 
1 6
263.074 261.074 258.022 255.966 249.202 246.858 
141.822 141.270 140.548 140.004 138.284 137.734 
1 2
62.540 64.234 
68.110 75.156 
1 2
46.080 49.728 
83.838 84.332 
1 8
49.728 50.512 51.808 53.256 55.008 59.124 62.706 63.806 
84.332 84.478 85.122 86.020 86.792 86.706 86.364 86.204 
1 2
249.168 267.854 
122.886 127.338 
1 2
265.158 264.150 
121.984 123.320 
1 6
276.440 285.596 297.206 304.106 306.220 310.446 
97.776 96.846 97.264 101.954 109.226 115.470 
1 3
278.294 276.804 273.516 
100.444 102.188 101.302 
1 8
264.914 275.658 273.516 269.194 268.164 266.216 263.944 261.726 
96.186 98.906 101.302 106.358 107.602 107.144 109.844 112.480 
1 5
5.236 5.778 6.942 7.674 8.224 
4.752 5.660 6.806 10.370 12.392 
1 10
94.528 95.250 96.416 97.152 98.358 101.348 115.680 150.550 154.286 172.508 
-0.080 0.980 2.156 3.026 3.664 4.292 3.736 3.040 2.910 1.484 
1 17
247.388 237.238 231.948 231.240 234.976 236.828 240.558 243.464 247.488 254.052 268.906 287.478 293.738 296.668 308.274 331.166 334.598 
100.182 97.560 90.980 86.492 81.652 79.440 74.986 71.516 70.172 70.352 74.006 78.672 80.318 81.038 84.138 90.188 91.046 
1 2
256.842 257.406 
97.464 96.762 
1 2
249.644 241.374 
116.966 127.410 
1 2
218.622 223.722 
146.180 139.204 
1 2
259.658 258.578 
93.970 95.278 
1 3
258.064 257.778 257.406 
95.956 96.298 96.762 
1 4
256.422 253.552 244.882 236.828 
84.534 83.862 81.550 79.440 
1 2
258.578 258.064 
95.278 95.956 
1 2
241.252 245.796 
107.972 107.918 
1 2
251.076 254.060 
95.546 96.292 
1 5
239.718 238.528 237.302 237.014 236.612 
127.220 127.704 128.488 128.840 129.328 
1 5
231.048 230.110 229.654 228.852 227.892 
112.088 113.158 113.808 114.796 116.006 
1 2
257.778 257.418 
96.298 96.220 
1 2
246.858 240.506 
137.734 136.372 
1 2
241.334 247.554 
135.562 136.874 
1 11
332.182 328.896 324.472 320.734 316.784 309.918 306.220 301.022 297.096 286.642 276.614 
105.434 103.726 102.700 102.958 103.322 107.160 109.226 111.090 111.152 108.510 108.152 
1 10
263.944 273.094 276.614 285.596 286.576 287.824 289.144 290.646 291.834 293.738 
109.844 112.238 108.152 96.846 92.076 87.394 85.814 84.016 82.596 80.318 
1 17
260.844 262.846 264.120 264.478 263.864 262.374 260.226 257.740 255.284 253.450 252.130 251.474 251.556 253.552 255.776 258.340 260.844 
83.286 84.146 85.366 86.768 88.140 89.280 90.020 90.248 89.930 89.240 88.246 87.062 85.824 83.862 83.116 82.914 83.286 
1 2
243.112 244.882 
83.696 81.550 
1 2
261.194 261.672 
94.376 93.786 
1 5
269.516 268.190 264.636 263.864 262.158 
89.772 89.324 88.342 88.140 87.696 
1 3
279.934 293.586 304.348 
124.544 128.238 131.084 
1 5
254.060 253.420 254.556 256.506 256.842 
96.292 97.092 97.342 97.832 97.464 
1 6
275.190 274.946 274.488 274.196 273.796 272.240 
66.998 67.286 67.832 68.178 68.652 70.630 
1 15
223.866 224.962 256.744 260.014 260.916 262.052 263.086 264.608 266.106 267.508 278.912 280.484 281.700 284.708 288.194 
48.044 46.840 7.446 3.506 2.926 2.390 2.100 1.896 1.794 1.830 2.114 2.294 2.606 3.124 3.724 
1 4
220.436 221.992 222.764 224.962 
45.728 46.100 46.258 46.840 
1 9
199.218 192.784 186.672 181.742 176.322 174.906 174.336 173.730 173.586 
119.164 117.502 120.238 126.064 132.660 134.382 138.712 143.254 149.928 
1 3
64.234 72.068 77.366 
75.156 74.402 74.212 
1 5
108.788 115.442 116.660 120.940 110.564 
76.666 78.160 78.548 79.914 92.404 
1 3
106.064 116.660 125.276 
91.290 78.548 67.714 
1 2
120.940 130.352 
79.914 68.998 
1 7
120.940 127.806 131.808 134.596 135.994 141.284 141.218 
79.914 81.756 82.830 83.578 83.952 85.372 87.072 
1 2
226.628 223.342 
38.012 37.148 
1 2
216.618 214.754 
56.872 59.052 
1 2
232.472 235.728 
26.176 27.026 
1 2
227.334 230.604 
32.350 33.208 
1 2
223.862 220.570 
41.298 40.434 
1 3
247.614 246.022 240.422 
10.842 7.926 5.132 
1 3
232.552 232.628 232.690 
3.614 4.574 5.348 
1 3
214.032 214.370 214.754 
59.916 59.524 59.052 
1 9
238.118 240.422 243.052 249.018 250.590 251.474 252.132 252.530 252.826 
5.196 5.132 5.060 4.990 5.024 5.088 5.280 5.456 5.772 
1 10
214.526 215.842 220.436 223.862 226.628 230.604 235.728 243.612 245.728 245.404 
51.982 51.668 45.728 41.298 38.012 33.208 27.026 17.314 14.762 13.646 
1 3
178.674 177.994 176.736 
144.000 143.266 141.776 
1 2
192.962 181.742 
128.604 126.064 
1 3
186.298 184.742 184.822 
30.830 32.698 34.062 
1 3
198.864 191.576 186.298 
26.238 24.362 30.830 
1 3
177.302 183.954 184.822 
44.248 36.224 34.062 
1 2
162.506 174.998 
125.926 117.888 
1 3
264.150 269.862 267.854 
123.320 124.680 127.338 
1 6
267.854 266.060 247.374 249.168 251.176 264.150 
127.338 129.716 125.264 122.886 120.228 123.320 
1 7
119.160 121.004 133.412 136.726 137.724 151.748 152.780 
173.194 171.642 160.576 157.176 155.974 139.086 137.828 
1 21
94.712 92.694 82.824 62.356 46.862 40.262 27.982 20.000 6.696 0.446 -2.532 -2.398 -0.708 -4.892 -8.540 -14.954 -15.738 -15.494 -15.154 -22.164 -24.526 
187.592 186.858 182.566 169.114 159.048 156.098 146.652 139.530 140.916 130.648 123.136 122.454 113.854 106.922 101.860 95.748 93.480 90.412 88.862 70.998 64.668 
1 10
172.922 173.586 178.674 183.828 187.744 192.962 199.218 206.654 207.016 208.078 
150.720 149.928 144.000 137.994 135.606 128.604 119.164 121.076 120.612 119.258 
1 2
115.704 115.100 
5.938 8.190 
1 3
199.608 198.584 198.718 
94.578 94.360 94.184 
1 3
201.136 201.090 199.218 
94.226 95.046 97.408 
1 4
197.572 199.608 201.136 201.692 
96.990 94.578 94.226 93.502 
1 2
63.316 17.298 
7.934 8.828 
1 4
63.402 63.350 63.316 113.726 
9.332 8.484 7.934 6.958 
1 3
262.970 273.426 282.802 
57.182 44.562 33.242 
1 3
280.426 273.426 263.560 
46.392 44.562 41.982 
1 7
263.560 272.878 282.802 291.912 288.822 285.480 280.426 
41.982 30.710 33.242 35.568 39.302 40.294 46.392 
1 7
280.426 274.076 275.702 272.434 262.970 253.098 263.560 
46.392 54.034 55.588 59.620 57.182 54.638 41.982 
1 2
248.540 257.292 
115.162 117.464 
1 2
278.666 279.934 
125.044 124.544 
1 3
279.934 280.754 281.716 
124.544 123.564 122.414 
1 3
206.654 218.534 237.014 
121.076 124.038 128.840 
1 3
218.812 218.534 218.214 
123.674 124.038 124.458 
1 2
227.546 229.728 
142.298 142.864 
1 6
237.466 238.272 235.578 231.924 229.756 231.978 
136.778 135.742 135.122 138.192 139.540 140.066 
1 2
227.960 225.340 
138.468 137.788 
1 2
212.872 214.452 
67.832 65.880 
1 2
201.462 197.344 
67.262 66.204 
1 2
212.340 207.602 
62.960 68.838 
1 2
197.344 195.150 
66.204 65.642 
1 2
189.184 185.262 
82.064 81.056 
1 2
210.626 212.872 
67.268 67.832 
1 2
193.538 188.726 
83.180 89.086 
1 2
203.794 191.712 
67.860 82.712 
1 2
185.262 183.170 
81.056 80.520 
1 3
187.710 189.586 188.882 
90.326 90.814 91.680 
1 3
215.932 210.894 210.352 
55.746 61.776 62.460 
1 3
181.748 183.568 184.862 
97.614 98.088 96.520 
1 4
196.952 193.538 191.712 189.184 
84.056 83.180 82.712 82.064 
1 5
201.462 203.794 205.620 207.602 209.016 
67.262 67.860 68.330 68.838 69.202 
1 2
211.770 214.314 
132.716 129.340 
1 2
197.852 195.232 
130.792 130.112 
1 2
204.526 207.156 
132.504 133.170 
1 2
216.816 214.196 
135.680 135.000 
1 2
115.680 115.704 
3.736 5.938 
1 7
178.838 165.182 159.974 147.894 141.290 139.736 138.810 
101.138 97.616 96.314 93.188 91.462 91.054 90.858 
1 2
182.466 176.322 
134.740 132.660 
1 2
176.736 175.088 
141.776 139.706 
1 5
177.994 176.768 175.032 175.088 174.336 
143.266 142.788 140.570 139.706 138.712 
1 17
252.826 252.788 251.788 250.090 247.614 245.404 242.702 239.204 232.472 227.334 223.342 220.570 214.338 214.152 214.022 214.526 212.280 
5.772 6.146 7.878 9.906 10.842 13.646 17.078 18.084 26.176 32.350 37.148 40.434 47.968 49.874 51.198 51.982 54.824 
1 2
232.690 238.118 
5.348 5.196 
1 3
253.448 253.244 252.826 
2.808 3.882 5.772 
1 2
198.948 214.140 
101.624 105.612 
1 2
156.334 157.874 
100.766 98.882 
1 2
136.444 133.190 
99.666 98.828 
1 2
136.412 126.910 
108.522 119.868 
1 2
142.628 144.258 
89.846 87.876 
1 2
155.118 155.914 
113.320 112.348 
1 2
146.108 171.472 
83.476 90.110 
1 2
157.874 159.752 
98.882 96.586 
1 2
177.384 202.054 
46.000 52.242 
1 2
150.876 149.238 
89.604 91.572 
1 2
171.814 184.930 
89.708 89.690 
1 3
142.628 142.156 141.290 
89.846 90.416 91.462 
1 3
159.752 159.974 160.826 
96.586 96.314 95.272 
1 5
141.218 138.810 128.446 124.086 118.830 
87.072 90.858 93.748 94.438 94.454 
1 3
144.258 142.760 141.218 
87.876 87.486 87.072 
1 4
142.628 149.238 166.426 180.096 
89.846 91.572 96.062 99.632 
1 5
175.218 171.814 171.472 168.162 166.426 
85.694 89.708 90.110 94.014 96.062 
1 6
128.592 131.054 132.896 142.220 134.986 138.848 
153.540 150.450 149.700 138.000 136.180 131.344 
1 8
155.914 161.084 163.364 164.862 156.334 144.956 142.234 136.444 
112.348 106.024 104.798 102.968 100.766 97.830 101.160 99.666 
1 6
82.220 76.288 67.608 59.420 56.232 53.108 
120.808 119.042 116.458 114.020 113.072 108.252 
1 2
67.608 70.728 
116.458 112.998 
1 2
59.420 61.964 
114.020 110.638 
1 3
66.488 67.400 69.380 
86.442 85.054 82.040 
1 5
66.488 67.400 69.980 71.554 72.250 
86.442 85.054 85.010 83.702 82.770 
1 3
76.156 75.738 95.396 
83.764 84.444 89.626 
1 9
52.640 52.418 53.164 53.442 51.586 49.728 50.496 49.828 52.418 
76.976 78.460 82.982 84.664 83.994 84.332 83.454 79.552 78.460 
1 2
96.156 105.592 
78.152 80.488 
1 2
77.366 80.650 
74.212 74.788 
1 10
80.650 94.798 96.458 99.704 106.758 111.416 111.626 112.582 115.900 117.212 
74.788 57.036 54.952 50.906 42.116 36.310 36.048 34.858 30.722 29.088 
1 5
80.650 84.410 88.384 93.110 96.156 
74.788 75.186 75.948 77.280 78.152 
1 3
77.366 78.156 76.386 
74.212 70.022 68.034 
1 3
77.366 76.762 78.176 
74.212 75.568 77.892 
1 5
89.070 96.156 93.110 96.878 101.974 
87.052 78.152 77.280 73.458 67.520 
1 4
101.974 104.120 108.946 112.482 
67.520 67.912 70.416 72.250 
1 3
99.882 108.946 115.698 
74.302 70.416 68.406 
1 2
115.698 103.422 
68.406 65.532 
1 2
101.974 103.422 
67.520 65.532 
1 2
108.788 99.882 
76.666 74.302 
1 3
96.156 99.882 96.878 
78.152 74.302 73.458 
1 6
147.464 143.816 140.920 141.082 139.580 137.166 
81.852 80.752 72.464 71.770 69.782 65.350 
1 7
117.850 125.276 130.352 134.232 138.684 139.900 142.584 
65.834 67.714 68.998 64.662 59.690 58.328 55.164 
1 5
138.684 141.736 147.518 148.948 150.146 
59.690 60.562 62.216 60.758 59.534 
1 2
148.948 162.048 
60.758 64.380 
1 2
137.166 134.232 
65.350 64.662 
1 3
134.596 139.204 143.816 
83.578 79.064 80.752 
1 2
184.930 187.710 
89.690 90.326 
1 2
128.480 122.628 
104.726 96.966 
1 3
132.590 122.628 95.396 
99.580 96.966 89.626 
1 12
68.412 68.984 74.616 77.460 77.996 78.102 74.026 74.080 74.104 74.240 76.494 94.798 
38.868 40.366 41.240 41.510 43.228 45.640 46.756 47.840 48.594 52.964 53.748 57.036 
1 4
74.104 79.604 84.398 99.704 
48.594 48.714 49.238 50.906 
1 6
62.102 63.566 66.516 68.798 70.486 74.240 
51.256 50.704 51.426 51.860 52.180 52.964 
1 9
68.798 70.646 72.202 72.202 74.456 74.992 75.098 74.884 74.616 
51.860 51.426 50.854 46.272 46.212 45.760 42.928 42.264 41.240 
1 4
84.398 84.164 79.980 78.102 
49.238 45.580 45.700 45.640 
1 5
84.164 85.452 86.204 87.436 88.402 
45.580 45.550 44.284 42.596 41.420 
1 6
73.918 88.402 95.000 101.278 104.922 106.758 
39.462 41.420 41.662 41.994 42.074 42.116 
1 6
104.922 105.622 106.748 108.466 111.050 111.416 
42.074 39.884 39.190 37.954 36.514 36.310 
1 4
-22.118 -7.366 -0.290 0.682 
39.790 39.844 39.734 39.720 
1 4
-7.366 1.162 7.800 10.492 
39.844 50.862 71.276 78.686 
1 2
10.492 12.052 
78.686 78.502 
1 3
2.140 4.188 10.326 
38.730 51.380 69.718 
1 4
18.746 18.344 17.836 16.414 
79.998 78.662 76.790 71.782 
1 2
17.836 11.568 
76.790 77.084 
1 3
80.612 78.410 43.136 
123.488 123.496 114.820 
1 2
199.218 208.958 
119.164 118.178 
1 2
76.288 83.726 
119.042 118.362 
1 2
76.288 79.022 
119.042 115.798 
1 2
24.216 18.344 
79.300 78.662 
1 5
114.710 114.022 118.744 116.598 113.618 
143.968 142.980 137.916 135.384 134.320 
1 22
224.962 225.554 227.164 228.558 230.276 231.134 248.406 265.518 267.718 277.482 283.276 295.078 306.868 310.526 310.742 310.206 308.596 307.844 306.664 304.734 306.236 306.868 
46.840 48.478 48.838 48.598 48.176 47.452 26.716 5.994 3.328 -8.850 -16.144 -30.310 -44.572 -48.998 -49.962 -50.446 -50.746 -50.384 -49.602 -47.130 -45.864 -44.572 
1 4
267.508 266.432 264.500 265.518 
1.830 3.388 5.738 5.994 
1 22
282.036 250.768 242.076 240.574 238.108 237.786 237.892 238.000 247.120 251.090 275.766 291.000 294.752 314.282 319.324 320.612 321.470 322.972 323.294 314.604 310.956 302.422 
5.346 41.606 51.250 51.914 51.974 51.190 49.744 48.838 37.808 32.986 4.894 -12.948 -17.320 -40.076 -46.104 -47.492 -47.672 -47.310 -46.526 -35.494 -30.612 -19.820 
1 3
280.484 277.192 275.766 
2.294 5.578 4.894 
1 7
145.410 152.920 154.744 151.954 148.522 143.158 141.440 
56.132 53.540 53.118 52.636 52.456 53.118 53.360 
1 5
130.320 138.544 141.440 143.264 142.584 
50.930 52.756 53.360 54.144 55.164 
1 3
141.736 145.410 142.584 
60.562 56.132 55.164 
1 9
154.744 156.354 158.070 157.640 156.138 156.138 158.038 161.536 162.286 
53.118 52.094 50.948 49.562 48.778 47.272 45.604 41.288 40.294 
1 10
169.498 168.940 168.680 169.426 170.544 170.792 169.674 167.810 166.506 169.444 
42.192 43.398 43.876 46.180 47.540 49.390 51.172 52.148 54.068 55.520 
1 2
158.070 166.506 
50.948 54.068 
1 2
170.544 174.522 
47.540 48.064 
1 8
174.522 175.546 177.006 168.940 161.536 142.554 121.520 119.780 
48.064 46.926 45.306 43.398 41.288 36.308 31.028 31.062 
1 2
119.780 115.900 
31.062 30.722 
1 2
121.520 122.918 
31.028 29.102 
1 11
122.918 121.684 121.036 120.138 119.740 120.238 132.900 141.672 181.214 204.696 214.334 
29.102 27.962 26.450 14.688 10.766 10.150 9.618 9.394 8.328 7.752 7.446 
1 2
120.238 113.260 
10.150 10.290 
1 2
113.260 113.460 
10.290 16.480 
1 21
113.260 99.504 81.460 71.890 62.442 60.426 46.370 25.036 11.778 7.142 3.304 1.162 1.310 4.352 4.700 5.000 4.800 1.760 1.958 2.114 2.140 
10.290 10.738 11.186 11.298 11.498 11.214 11.354 11.718 11.914 14.072 16.564 18.272 23.144 23.984 26.478 30.146 30.622 32.190 34.626 38.124 38.730 
1 3
2.114 29.324 29.300 
38.124 37.090 37.968 
1 6
29.324 30.918 32.114 46.818 62.322 64.242 
37.090 37.370 36.950 36.698 36.472 36.444 
1 4
62.322 62.270 61.322 60.426 
36.472 32.330 21.940 11.214 
1 3
32.114 30.768 29.324 
36.950 36.950 37.090 
1 7
116.200 115.590 115.204 115.204 114.158 113.808 113.460 
29.120 24.322 21.296 19.728 19.140 18.384 16.480 
1 4
115.590 113.908 109.124 108.126 
24.322 23.284 19.840 18.944 
1 5
232.690 218.032 216.836 215.142 214.334 
5.348 5.866 6.006 7.462 7.446 
1 3
203.700 206.014 207.976 
54.204 55.726 57.198 
1 20
208.776 209.008 209.176 209.266 209.268 209.180 209.012 208.782 208.508 208.224 207.962 207.752 207.616 207.572 207.622 207.762 207.976 208.232 208.508 208.776 
57.168 57.254 57.378 57.526 57.682 57.828 57.954 58.040 58.082 58.072 58.008 57.900 57.758 57.600 57.442 57.304 57.198 57.138 57.128 57.168 
1 3
203.700 202.620 178.044 
54.204 53.922 47.522 
1 3
178.044 176.408 175.546 
47.522 47.170 46.926 
1 2
203.700 205.564 
54.204 53.128 
1 5
202.620 199.554 185.398 175.628 175.130 
53.922 57.448 54.032 51.260 51.092 
1 2
175.130 178.044 
51.092 47.522 
1 3
267.212 263.542 260.622 
75.972 75.066 74.348 
1 3
263.542 261.794 261.264 
75.066 77.320 77.174 
1 5
268.722 264.590 268.190 271.510 275.480 
94.988 93.994 89.324 85.012 86.008 
1 3
232.392 236.274 243.380 
108.038 103.366 105.272 